2 347 644 154
3 197 580 170
4 147 531 171
5 130 547 177
6 133 541 147
7 137 524 160
8 130 524 177
9 144 530 166
10 203 540 127
11 186 540 136
12 194 524 133
13 173 530 117
14 187 530 107
15 197 527 120
16 203 544 160
17 210 534 181
18 217 537 167
19 224 527 154
20 236 540 154
21 240 524 154
22 244 530 150
23 237 527 146
24 247 540 147
25 257 533 153
26 264 537 150
27 280 527 147
28 280 540 156
29 297 530 147
30 296 537 153
31 294 534 153
32 300 544 177
33 313 530 170
34 320 534 171
35 337 527 164
36 336 541 157
37 344 524 160
38 353 534 160
39 354 527 163
40 367 540 164
41 373 534 160
42 374 537 160
43 384 530 163
44 393 557 163
45 404 530 157
46 400 533 160
47 407 530 160
48 414 540 157
49 424 523 160
50 433 534 163
51 434 534 160
52 437 540 163
53 447 527 160
54 457 533 153
55 471 524 160
56 474 543 157
57 477 530 160
58 474 507 157
59 493 531 161
60 503 541 160
61 507 534 160
62 510 530 173
63 503 527 160
64 517 543 157
65 537 534 167
66 547 504 190
67 551 524 197
68 554 543 173
69 550 550 190
70 567 531 170
71 580 537 173
72 597 544 177
73 577 530 174
74 597 534 187
75 610 530 170
76 597 540 170
77 620 530 190
78 621 534 173
79 627 523 177
80 623 554 170
81 650 523 174
82 637 510 170
83 653 520 170
84 650 510 170
85 673 527 170
86 687 530 170
87 677 530 173
88 697 544 166
89 700 510 173
90 700 533 170
91 710 551 174
92 720 531 176